"season" "day" "Rsoil" "Tsoil"
"JFM" 81 0.0119 -0.2
"JFM" 81 0.0938 -0.3
"JFM" 81 -0.0467 -0.3
"JFM" 81 0.0201 -0.5
"JFM" 81 0.0894 0
"JFM" 81 0.0379 -0.6
"JFM" 81 0.0284 -0.1
"JFM" 81 0.0644 -0.1
"JFM" 81 0.0178 -0.2
"JFM" 81 0.0022 -0.2
"JFM" 81 0.0448 0
"JFM" 81 0.1149 -0.2
"JFM" 81 0.0275 -0.3
"JFM" 81 0.0305 -0.3
"JFM" 81 0.0132 -0.6
"JFM" 81 4e-04 -0.2
"JFM" 81 0.0199 -0.2
"JFM" 81 0.015 -0.3
"JFM" 81 -0.0269 0.1
"JFM" 81 0.0361 0.1
"AMJ" 113 2.9044 13.1
"AMJ" 113 2.5627 14.6
"AMJ" 113 1.7316 13.8
"AMJ" 113 0.9726 12.7
"AMJ" 113 4.1849 12.3
"AMJ" 113 1.839 12.5
"AMJ" 113 1.3818 17.2
"AMJ" 113 3.3032 15.8
"AMJ" 113 3.0215 15.7
"AMJ" 113 3.9932 16
"AMJ" 113 1.3916 18.7
"AMJ" 113 3.7591 18.4
"AMJ" 113 3.6964 14.8
"AMJ" 113 2.4956 13.1
"AMJ" 113 1.695 14.9
"AMJ" 113 2.024 13.3
"AMJ" 113 2.4923 15.7
"AMJ" 113 2.9919 15
"AMJ" 113 2.44 16.2
"AMJ" 141 1.5522 14.1
"AMJ" 141 2.6093 14.9
"AMJ" 141 2.8752 14.6
"AMJ" 141 2.1958 11.2
"AMJ" 141 2.6838 11.2
"AMJ" 141 1.7728 16.5
"AMJ" 141 2.2724 14.5
"AMJ" 141 3.402 13.3
"AMJ" 141 2.7848 14.1
"AMJ" 141 4.6541 12
"AMJ" 141 2.1489 13.2
"AMJ" 141 2.4901 15.5
"AMJ" 141 5.0006 16.5
"AMJ" 141 1.5011 10.8
"AMJ" 141 1.5248 17.7
"AMJ" 141 1.7275 16.2
"AMJ" 141 1.4392 18
"AMJ" 141 1.1367 17.1
"AMJ" 141 1.3377 15.9
"AMJ" 141 1.2737 16.1
"AMJ" 158 2.9142 21.7
"AMJ" 158 4.9924 21.8
"AMJ" 158 4.2965 24.1
"AMJ" 158 3.6175 18.2
"AMJ" 158 6.4487 19.6
"AMJ" 158 5.0305 21.3
"AMJ" 158 3.7691 17.2
"AMJ" 158 3.8309 16.5
"AMJ" 158 4.5091 18.2
"AMJ" 158 8.0206 19.7
"AMJ" 158 5.3638 22.3
"AMJ" 158 6.1973 22.3
"AMJ" 158 3.4594 23.8
"AMJ" 158 2.4253 21.1
"AMJ" 158 3.9829 25
"AMJ" 158 3.7568 23.1
"AMJ" 158 2.8841 23.3
"AMJ" 158 3.8812 22.1
"AMJ" 158 3.0161 25.3
"AMJ" 158 3.2069 27.1
"AMJ" 169 3.4497 21.4
"AMJ" 169 4.884 22.7
"AMJ" 169 5.4535 23
"AMJ" 169 4.0154 18.7
"AMJ" 169 7.2671 19.3
"AMJ" 169 5.3369 23.9
"AMJ" 169 5.1861 22.1
"AMJ" 169 4.848 19.6
"AMJ" 169 5.7016 23.9
"AMJ" 169 9.2127 21.6
"AMJ" 169 6.564 23
"AMJ" 169 7.1693 25.2
"AMJ" 169 1.9898 23
"AMJ" 169 3.0921 19.5
"AMJ" 169 3.7715 23.9
"AMJ" 169 3.7897 22.4
"AMJ" 169 2.8081 30.5
"AMJ" 169 6.5441 27.8
"AMJ" 169 3.9333 24.3
"AMJ" 169 5.5507 25.1
"JAS" 183 4.1317 30.5
"JAS" 183 5.8401 27.6
"JAS" 183 5.9187 24.9
"JAS" 183 5.4714 24.1
"JAS" 183 4.8166 26.7
"JAS" 183 4.9423 28.5
"JAS" 183 4.2727 25.5
"JAS" 183 4.8623 24.4
"JAS" 183 3.8891 21.9
"JAS" 183 4.3814 28.4
"JAS" 183 3.516 26.8
"JAS" 183 3.9618 29.5
"JAS" 183 3.2208 31.2
"JAS" 183 3.4106 31.1
"JAS" 183 4.6198 30.1
"JAS" 198 4.0865 26.9
"JAS" 198 5.2119 28.8
"JAS" 198 4.6555 28.9
"JAS" 197 4.7414 21.9
"JAS" 197 7.0415 20.2
"JAS" 197 5.7273 22.7
"JAS" 198 5.2893 24.6
"JAS" 198 5.3874 23
"JAS" 198 6.8939 26.3
"JAS" 197 7.2359 24.9
"JAS" 197 6.4385 21.1
"JAS" 197 7.4754 26.3
"JAS" 198 5.3667 27.8
"JAS" 198 5.8938 23.5
"JAS" 197 8.0739 23.1
"JAS" 197 6.4713 25.1
"JAS" 198 7.8763 26.6
"JAS" 198 8.4661 25
"JAS" 197 4.0397 28.6
"JAS" 197 6.0187 27.9
"JAS" 213 5.2826 27.2
"JAS" 213 4.7283 26.9
"JAS" 213 4.5926 26.8
"JAS" 212 5.4638 24.9
"JAS" 212 8.7001 23.8
"JAS" 212 5.9984 25.7
"JAS" 212 5.3387 25.4
"JAS" 212 6.3243 25.1
"JAS" 212 7.0893 28.8
"JAS" 212 8.2276 23.9
"JAS" 212 6.2753 24.5
"JAS" 212 8.6808 25.8
"JAS" 213 5.8514 28.1
"JAS" 213 5.3477 25.1
"JAS" 212 8.5978 25.3
"JAS" 212 5.4667 24.8
"JAS" 212 7.5604 25.2
"JAS" 212 8.7264 26
"JAS" 212 5.8605 25
"JAS" 212 6.5332 23
"JAS" 227 6.8176 21.2
"JAS" 227 3.6865 20.7
"JAS" 227 4.8745 20.7
"JAS" 227 4.2613 20.1
"JAS" 227 5.6426 20.1
"JAS" 227 4.2208 21
"JAS" 227 7.0657 21
"JAS" 227 4.5808 19.8
"JAS" 227 6.6302 22.6
"JAS" 227 4.5276 19.5
"JAS" 227 4.8064 21
"JAS" 227 5.4192 21.1
"JAS" 227 4.5066 20.8
"JAS" 227 2.6773 19.5
"JAS" 227 5.8601 21.8
"JAS" 227 4.665 20.7
"JAS" 227 5.0888 20.65
"JAS" 227 5.3198 21.8
"JAS" 227 3.8275 21.1
"JAS" 227 3.7508 21.1
"JAS" 239 5.8973 24.6
"JAS" 239 5.4807 26.2
"JAS" 239 4.4423 23.7
"JAS" 239 7.1071 21.6
"JAS" 239 8.615 22.6
"JAS" 239 8.5243 23.5
"JAS" 239 4.4927 21.8
"JAS" 239 6.5887 20.5
"JAS" 239 5.0214 21.8
"JAS" 239 6.3346 19.8
"JAS" 239 4.8303 21.6
"JAS" 239 5.7594 21.1
"JAS" 239 4.8834 23.6
"JAS" 239 3.6409 22.7
"JAS" 239 9.3274 24
"JAS" 239 5.1471 21.9
"JAS" 239 4.6899 21.5
"JAS" 239 5.7831 21.6
"JAS" 239 3.0471 22.2
"JAS" 239 4.1312 22.7
"OND" 289 1.6377 7.2
"OND" 289 1.2214 7
"OND" 289 1.3927 7.1
"OND" 289 1.6645 7.4
"OND" 289 1.9939 7.8
"OND" 289 1.9543 10.7
"OND" 289 1.408 9
"OND" 289 1.6743 8.7
"OND" 289 1.5493 8.1
"OND" 289 0.7733 9.6
"OND" 289 1.8313 9.1
"OND" 289 2.921 10.1
"OND" 289 1.7739 10.3
"OND" 289 2.1346 8.4
"OND" 289 1.2636 8.1
"OND" 289 1.0362 8.6
"OND" 289 1.2148 8.4
"OND" 289 1.1175 10.3
"OND" 289 1.2092 10.8
"OND" 330 0.4938 0.5
"OND" 330 0.4976 0.6
"OND" 330 0.5073 0.3
"OND" 330 0.5573 0.7
"OND" 330 1.2294 1.3
"OND" 330 0.3897 0.6
"OND" 330 0.206 1
"OND" 330 0.4707 0.9
"OND" 330 0.2803 0.5
"OND" 330 0.4835 0.5
"OND" 330 0.2319 0.4
"OND" 330 0.8226 0.3
"OND" 330 0.3404 0.7
"OND" 330 0.7506 0.5
"OND" 330 0.7616 1.8
"OND" 330 0.4646 0.3
"OND" 330 0.275 0.4
"OND" 330 0.2557 0.7
"OND" 330 0.1067 0.5
"OND" 330 0.731 0.5
"AMJ" 94 1.8558 7.1
"AMJ" 94 1.1353 6.2
"AMJ" 94 1.4471 6.8
"AMJ" 94 1.1501 5.8
"AMJ" 94 1.0078 6.5
"AMJ" 94 0.6398 7.1
"AMJ" 94 1.1357 7.2
"AMJ" 94 1.2468 5.2
"AMJ" 94 0.9715 7.1
"AMJ" 94 1.3186 6.5
"AMJ" 94 0.7656 6.6
"AMJ" 94 1.9591 7.8
"AMJ" 94 0.7383 6.8
"AMJ" 94 1.0944 6.8
"AMJ" 94 1.3785 7.3
"AMJ" 94 0.6618 6.6
"AMJ" 94 0.6665 6.6
"AMJ" 94 0.5874 6.8
"AMJ" 94 0.7779 6.9
"AMJ" 94 1.1288 6.6
"AMJ" 112 3.3077 9.8
"AMJ" 112 2.3197 9.3
"AMJ" 112 2.3523 9.1
"AMJ" 112 2.276 10.3
"AMJ" 112 4.2283 11.8
"AMJ" 112 1.64 11.5
"AMJ" 112 1.9386 8.8
"AMJ" 112 1.8583 8.9
"AMJ" 112 2.0533 10.8
"AMJ" 112 1.8929 9.6
"AMJ" 112 1.5129 11.5
"AMJ" 112 3.7429 11.7
"AMJ" 112 1.3486 10.3
"AMJ" 112 2.0163 9.5
"AMJ" 112 4.4781 13
"AMJ" 112 2.657 15.7
"AMJ" 112 1.5496 11
"AMJ" 112 0.9705 9.7
"AMJ" 112 1.7237 12
"AMJ" 112 2.8944 11.3
"AMJ" 126 3.9964 14.5
"AMJ" 126 4.1755 14.9
"AMJ" 126 5.0094 15.7
"AMJ" 126 2.1981 12.1
"AMJ" 126 1.8034 12.8
"AMJ" 126 1.8569 12.9
"AMJ" 126 1.5645 11.4
"AMJ" 126 2.6115 11.5
"AMJ" 126 1.3571 11.1
"AMJ" 126 2.6209 14.6
"AMJ" 126 1.4955 17.1
"AMJ" 126 4.0849 18.5
"AMJ" 126 2.5132 16.1
"AMJ" 126 2.4016 12.7
"AMJ" 126 3.0127 14.5
"AMJ" 126 3.1259 16.2
"AMJ" 126 1.1573 12.1
"AMJ" 126 1.8427 13.6
"AMJ" 126 2.9202 16.1
"AMJ" 126 4.1115 15.1
"AMJ" 140 3.1161 17.7
"AMJ" 140 2.9632 19.8
"AMJ" 140 5.5623 22.3
"AMJ" 140 4.6158 13.8
"AMJ" 140 3.6468 15.4
"AMJ" 140 1.67 17
"AMJ" 140 4.3817 16.2
"AMJ" 140 6.8409 14.7
"AMJ" 140 3.9894 16.6
"AMJ" 140 3.4889 14.6
"AMJ" 140 2.3496 14.6
"AMJ" 140 3.8377 13.5
"AMJ" 140 3.0934 20
"AMJ" 140 2.9676 17.5
"AMJ" 140 3.2016 17.3
"AMJ" 140 2.8535 16.7
"AMJ" 140 2.6292 19.1
"AMJ" 140 3.4658 18.6
"AMJ" 140 1.9074 13.1
"AMJ" 140 3.0845 13.1
"AMJ" 155 2.9388 16.4
"AMJ" 155 2.5562 15.8
"AMJ" 155 5.6013 19.8
"AMJ" 155 5.0797 14.7
"AMJ" 155 5.7047 20.1
"AMJ" 155 3.1026 22.8
"AMJ" 155 4.4127 14.9
"AMJ" 155 7.1386 14.6
"AMJ" 155 3.2889 15.3
"AMJ" 155 4.7401 17.3
"AMJ" 155 3.1938 18.3
"AMJ" 155 6.4691 16
"AMJ" 155 3.19 19.2
"AMJ" 155 3.2524 18
"AMJ" 155 4.9873 22.1
"AMJ" 155 4.3158 22.1
"AMJ" 155 2.9514 16
"AMJ" 155 4.2263 16.6
"AMJ" 155 2.7724 18.6
"AMJ" 155 2.3229 18
"AMJ" 167 4.4082 21.6
"AMJ" 167 4.7298 19
"AMJ" 167 4.5303 21.7
"AMJ" 167 4.4749 17.6
"AMJ" 167 6.4513 22.1
"AMJ" 167 3.8641 23.3
"AMJ" 167 4.4579 21.2
"AMJ" 167 6.5723 21.8
"AMJ" 167 4.91 21.8
"AMJ" 167 4.8023 20.5
"AMJ" 167 3.518 22
"AMJ" 167 7.3692 19.4
"AMJ" 167 5.6347 22.3
"AMJ" 167 5.4878 21.4
"AMJ" 167 5.1726 24.1
"AMJ" 167 5.6545 22.7
"AMJ" 167 3.5425 26.6
"AMJ" 167 6.584 24.8
"AMJ" 167 3.755 21.7
"AMJ" 167 4.207 23
"AMJ" 181 4.4088 24.9
"AMJ" 181 4.6571 25.6
"AMJ" 181 5.5118 25.6
"AMJ" 181 6.1559 18
"AMJ" 181 6.8744 21.9
"AMJ" 181 3.1772 23
"AMJ" 181 4.4698 18.8
"AMJ" 181 5.9253 19
"AMJ" 181 3.5694 19.2
"AMJ" 181 4.5508 19.7
"AMJ" 181 3.4415 22
"AMJ" 181 6.2791 19.1
"AMJ" 181 6.5017 26.6
"AMJ" 181 4.4708 23.3
"AMJ" 181 6.096 24
"AMJ" 181 5.1362 23.6
"AMJ" 181 2.8318 19.1
"AMJ" 181 5.0848 19.2
"AMJ" 181 3.5468 20.7
"AMJ" 181 3.1691 21.5
"JAS" 198 5.4642 27.5
"JAS" 198 5.9561 25.5
"JAS" 198 4.7938 29.2
"JAS" 198 8.8297 21.2
"JAS" 198 5.2596 21.4
"JAS" 198 4.1296 22.1
"JAS" 198 5.5809 24.6
"JAS" 198 7.0682 23.7
"JAS" 198 5.0537 24.5
"JAS" 198 7.2344 25.1
"JAS" 198 4.8194 25.6
"JAS" 198 7.4023 22.8
"JAS" 198 7.0702 31.2
"JAS" 198 6.0237 26.1
"JAS" 198 6.3928 23.9
"JAS" 198 7.6144 22.6
"JAS" 198 4.9291 25
"JAS" 198 9.6018 26.1
"JAS" 198 4.8008 26.1
"JAS" 198 4.4154 23.5
"JAS" 204 3.593 21.4
"JAS" 204 3.3494 20.6
"JAS" 204 2.962 21.2
"JAS" 204 5.7398 19.8
"JAS" 204 4.5991 20.7
"JAS" 204 4.6234 21.9
"JAS" 204 4.5525 22
"JAS" 204 4.6566 20.2
"JAS" 204 4.6587 22.7
"JAS" 204 5.2584 21
"JAS" 204 2.9985 22
"JAS" 204 5.119 19.8
"JAS" 204 4.0688 27.7
"JAS" 204 4.277 19.6
"JAS" 204 5.1866 24.6
"JAS" 204 6.4955 21.3
"JAS" 204 5.1901 23.7
"JAS" 204 6.0779 22.7
"JAS" 204 3.8655 25
"JAS" 204 3.7579 22.4
"JAS" 224 3.2333 22.9
"JAS" 224 2.9407 21.2
"JAS" 224 2.9631 23.1
"JAS" 224 4.5208 18.7
"JAS" 224 3.2862 20.5
"JAS" 224 4.4073 20.8
"JAS" 224 3.3083 21.7
"JAS" 224 4.4996 21.2
"JAS" 224 3.7564 21.5
"JAS" 224 4.2042 19.8
"JAS" 224 2.4958 20.8
"JAS" 224 4.9642 19.7
"JAS" 224 3.6232 23.9
"JAS" 224 4.1258 21.7
"JAS" 224 3.371 22.1
"JAS" 224 6.7058 20.6
"JAS" 224 3.6759 22.2
"JAS" 224 4.4741 21.7
"JAS" 224 2.2999 21.6
"JAS" 224 3.0276 21
"JAS" 233 2.9965 26.1
"JAS" 233 2.3703 25.6
"JAS" 233 3.2981 29.8
"JAS" 233 4.1314 23.9
"JAS" 233 2.8001 27.7
"JAS" 233 3.3585 29.1
"JAS" 233 3.3826 27.2
"JAS" 233 2.9098 24.5
"JAS" 233 4.4414 28.3
"JAS" 233 3.9547 24.4
"JAS" 233 2.3335 26
"JAS" 233 5.918 22.9
"JAS" 233 2.0889 27.3
"JAS" 233 4.6024 25.7
"JAS" 233 3.0013 28
"JAS" 233 6.6659 26.1
"JAS" 233 2.8974 27.2
"JAS" 233 4.323 30.6
"JAS" 233 1.8902 27.3
"JAS" 233 3.8029 24.1
"JAS" 247 2.8486 22.8
"JAS" 247 2.5413 18.8
"JAS" 247 2.7355 22.8
"JAS" 247 3.3769 18.2
"JAS" 247 2.3382 18.6
"JAS" 247 2.6955 18.8
"JAS" 247 2.8411 17.9
"JAS" 247 2.9171 18.7
"JAS" 247 3.6229 17.8
"JAS" 247 4.6392 20.1
"JAS" 247 2.5347 21.2
"JAS" 247 3.9072 17
"JAS" 247 2.8473 23.8
"JAS" 247 3.4228 20.9
"JAS" 247 2.5419 19.3
"JAS" 247 5.2852 19
"JAS" 247 2.4638 18.8
"JAS" 247 4.7631 17.1
"JAS" 247 1.6945 23.6
"JAS" 247 2.8868 19.8
"JAS" 259 2.6136 19.1
"JAS" 259 2.1686 18.7
"JAS" 259 2.2965 17.6
"JAS" 259 3.3003 17.1
"JAS" 259 3.2311 19.2
"JAS" 259 2.9765 19.1
"JAS" 259 4.1442 16
"JAS" 259 4.7052 16
"JAS" 259 2.8185 16
"JAS" 259 1.852 15.7
"JAS" 259 1.5469 15.9
"JAS" 259 2.7904 15.7
"JAS" 259 2.5147 20.5
"JAS" 259 3.3139 21.1
"JAS" 259 4.5096 19.2
"JAS" 259 4.2926 18.7
"JAS" 259 2.7596 19
"JAS" 259 3.4544 19.2
"JAS" 259 3.4952 17.8
"JAS" 259 5.0089 19.8
"JAS" 259 2.5547 19.2
"JAS" 259 2.8133 20.2
"JAS" 259 2.4145 17.1
"JAS" 259 2.1586 18.9
"JAS" 259 2.8317 19.7
"JAS" 259 2.316 18.6
"JAS" 259 3.7084 17.6
"JAS" 259 2.9686 17
"JAS" 259 3.3345 17.8
"JAS" 259 2.7375 17.3
"JAS" 259 4.2759 16.7
"JAS" 259 3.2635 16.7
"JAS" 259 2.9544 20.3
"JAS" 259 4.4355 20.5
"JAS" 259 3.3989 20.7
"JAS" 259 4.9724 18.2
"JAS" 259 2.2249 21
"JAS" 259 3.8438 20.3
"JAS" 259 2.3856 17.8
"JAS" 259 3.1034 18.3
"OND" 275 1.4558 7.8
"OND" 275 1.6421 7.3
"OND" 275 0.8055 8.1
"OND" 275 2.5621 9.7
"OND" 275 1.3625 10
"OND" 275 1.7452 9.3
"OND" 275 1.4542 9.7
"OND" 275 1.7796 9.1
"OND" 275 1.3582 8.1
"OND" 275 1.7999 7.7
"OND" 275 1.2848 10.5
"OND" 275 1.4294 7.7
"OND" 275 0.9427 8.3
"OND" 275 1.6192 7.1
"OND" 275 1.0709 10.6
"OND" 275 1.7284 8.6
"OND" 275 1.7399 8.8
"OND" 275 1.8346 8
"OND" 275 1.221 12.6
"OND" 275 1.5796 9.4
"OND" 289 0.8449 10.5
"OND" 289 1.4116 10.9
"OND" 289 1.1336 10.6
"OND" 289 2.2461 10.2
"OND" 289 1.5771 10.5
"OND" 289 1.3285 10.8
"OND" 289 1.1003 10.8
"OND" 289 2.4409 10.8
"OND" 289 0.7872 11.3
"OND" 289 1.0019 10.7
"OND" 289 0.9853 11.6
"OND" 289 1.1494 10
"OND" 289 1.0239 10
"OND" 289 1.2165 11.3
"OND" 289 1.1929 11.1
"OND" 289 1.3414 10.8
"OND" 289 1.312 11.5
"OND" 289 1.812 10.3
"OND" 289 1.1455 11.5
"OND" 289 0.9783 10.6
"OND" 310 0.8125 4.8
"OND" 310 0.4307 4.8
"OND" 310 0.7215 4.4
"OND" 310 1.0352 4.1
"OND" 310 0.6737 5.4
"OND" 310 0.4926 5.7
"OND" 310 0.4711 4.1
"OND" 310 1.1898 4.6
"OND" 310 0.3676 3.8
"OND" 310 0.9326 4.7
"OND" 310 0.5231 4.9
"OND" 310 0.6553 3.3
"OND" 310 0.4655 6
"OND" 310 0.4204 5.2
"OND" 310 0.4625 4.5
"OND" 310 0.6272 5.2
"OND" 310 0.5971 3.3
"OND" 310 0.6461 2.6
"OND" 310 0.4303 3.5
"OND" 310 0.5685 4.2
"OND" 324 0.7317 7
"OND" 324 0.5236 6.6
"OND" 324 0.906 8
"OND" 324 1.2441 7.3
"OND" 324 0.9541 7.1
"OND" 324 0.8992 8.1
"OND" 324 1.0872 8.5
"OND" 324 1.3941 7
"OND" 324 1.3624 7.8
"OND" 324 0.8592 7
"OND" 324 0.8343 7
"OND" 324 0.9247 6.5
"OND" 324 0.7109 8.1
"OND" 324 1.3308 7.1
"OND" 324 1.1143 7.2
"OND" 324 1.4129 7.2
"OND" 324 1.0819 8.2
"OND" 324 1.3258 8.1
"OND" 324 0.9191 8.8
"OND" 324 0.7129 7.5
"JFM" 68 0.5189 0.7
"JFM" 68 2.0253 1.1
"JFM" 68 3.2817 1
"JFM" 68 2.3919 1.8
"JFM" 68 1.341 1.6
"JFM" 68 0.4935 0.8
"JFM" 68 0.6741 2.1
"JFM" 68 0.1931 0.7
"JFM" 68 0.6312 0.6
"JFM" 68 0.7089 1.1
"JFM" 68 1.1777 0.9
"JFM" 68 0.3194 0.3
"JFM" 68 0.5352 2.2
"JFM" 68 1.2146 0.7
"JFM" 68 0.3328 1.3
"JFM" 68 2.3732 0.6
"JFM" 68 0.7667 3.3
"JFM" 68 0.3086 0.6
"JFM" 68 0.3566 0.7
"JFM" 68 0.8951 0.6
"AMJ" 101 1.6283 6.5
"AMJ" 101 1.4546 6.8
"AMJ" 101 1.0739 5.7
"AMJ" 101 1.9584 8
"AMJ" 101 2.2963 10.5
"AMJ" 101 1.6086 5.7
"AMJ" 101 1.57 6.8
"AMJ" 101 1.2484 7.1
"AMJ" 101 2.7623 6.2
"AMJ" 101 1.3835 7.2
"AMJ" 101 1.5043 7.5
"AMJ" 101 2.3099 5.1
"AMJ" 101 1.2991 8.5
"AMJ" 101 0.999 6.4
"AMJ" 101 2.8627 6.4
"AMJ" 101 1.2142 8.2
"AMJ" 101 1.336 8.9
"AMJ" 101 1.2291 6.2
"AMJ" 101 1.0203 12.2
"AMJ" 101 1.3006 8
"AMJ" 123 2.3222 12.3
"AMJ" 123 2.6937 11.7
"AMJ" 123 2.7342 10.2
"AMJ" 123 3.1048 12.8
"AMJ" 123 3.5629 13.8
"AMJ" 123 3.599 9.8
"AMJ" 123 3.3154 11.4
"AMJ" 123 2.6192 12.5
"AMJ" 123 3.4441 11
"AMJ" 123 2.0678 11.8
"AMJ" 123 2.7732 13.1
"AMJ" 123 4.6415 9.7
"AMJ" 123 1.5591 13.5
"AMJ" 123 1.6647 11.1
"AMJ" 123 2.8456 11.8
"AMJ" 123 1.7842 13.1
"AMJ" 123 1.791 16
"AMJ" 123 1.5375 14
"AMJ" 123 1.9756 15.6
"AMJ" 123 1.9342 11.6
"AMJ" 135 3.0025 16.4
"AMJ" 135 2.9926 17
"AMJ" 135 3.4428 17.3
"AMJ" 135 3.6947 18
"AMJ" 135 4.4042 14.8
"AMJ" 135 2.5484 16.2
"AMJ" 135 3.5774 17.4
"AMJ" 135 6.8299 16.1
"AMJ" 135 4.2547 17.6
"AMJ" 135 4.1837 15.7
"AMJ" 135 4.2321 16.6
"AMJ" 135 4.8512 15.5
"AMJ" 135 4.2955 15.9
"AMJ" 135 5.5088 15.8
"AMJ" 135 4.192 17
"AMJ" 135 2.2416 16.3
"AMJ" 135 5.4459 15.4
"AMJ" 135 4.5543 15.3
"AMJ" 135 3.2245 16.1
"AMJ" 135 7.8956 15
"AMJ" 135 4.1605 17.7
"AMJ" 135 3.795 17.1
"AMJ" 135 6.306 15.3
"AMJ" 135 3.0217 14.6
"AMJ" 135 2.9987 18.8
"AMJ" 135 2.2915 18.3
"AMJ" 135 2.5587 17.1
"AMJ" 135 2.7884 15.6
"AMJ" 135 2.8192 16.8
"AMJ" 135 4.1776 17.6
"AMJ" 135 2.1927 17.5
"AMJ" 135 2.6524 15.8
"AMJ" 135 2.4548 20.3
"AMJ" 135 3.4481 18.9
"AMJ" 135 2.6465 18.8
"AMJ" 135 3.1678 17.3
"AMJ" 135 3.1041 21.3
"AMJ" 135 2.3963 21
"AMJ" 135 2.4566 18.5
"AMJ" 135 2.9847 17.5
"AMJ" 150 3.1662 18.2
"AMJ" 150 3.9388 18.4
"AMJ" 150 3.5307 17.8
"AMJ" 150 2.845 18.6
"AMJ" 150 5.5039 17
"AMJ" 150 2.2822 17.5
"AMJ" 150 4.3149 16.3
"AMJ" 150 7.4627 16.4
"AMJ" 150 6.0062 17.1
"AMJ" 150 4.5976 16.1
"AMJ" 150 2.9599 15.8
"AMJ" 150 4.8727 16.6
"AMJ" 150 1.1544 16.7
"AMJ" 150 2.2772 17.1
"AMJ" 150 3.4245 17.5
"AMJ" 150 0.7488 17
"AMJ" 150 6.7201 17.8
"AMJ" 150 4.942 18.5
"AMJ" 150 0.6359 19
"AMJ" 150 7.5856 18.2
"AMJ" 150 14.0124 19.2
"AMJ" 150 5.8902 18
"AMJ" 150 2.5586 16.2
"AMJ" 150 1.4891 16.5
"AMJ" 150 2.0231 17.8
"AMJ" 150 6.7265 18.7
"AMJ" 150 3.1607 17.1
"AMJ" 150 2.9605 15.7
"AMJ" 150 2.5761 17.3
"AMJ" 150 5.172 17.6
"AMJ" 150 2.7429 16.8
"AMJ" 150 4.862 17.2
"AMJ" 150 6.5942 18.3
"AMJ" 150 4.3386 19.1
"AMJ" 150 4.6197 19
"AMJ" 150 7.5928 18.8
"AMJ" 150 4.2663 17.7
"AMJ" 150 5.205 18.9
"AMJ" 150 4.8172 18.2
"AMJ" 150 5.4792 17.2
"AMJ" 163 4.0806 22.3
"AMJ" 163 4.0752 22.9
"AMJ" 163 4.4109 22.5
"AMJ" 163 3.9756 23.3
"AMJ" 163 6.1631 21.7
"AMJ" 163 3.3469 22.1
"AMJ" 163 8.6078 21.6
"AMJ" 163 6.4044 21.3
"AMJ" 163 6.7947 21.1
"AMJ" 163 4.1532 20.6
"AMJ" 163 6.8244 20.7
"AMJ" 163 4.2828 22.7
"AMJ" 163 7.304 22.8
"AMJ" 163 2.9643 24.7
"AMJ" 163 3.0512 25.3
"AMJ" 163 6.2118 23.8
"AMJ" 163 3.8889 22.6
"AMJ" 163 6.3245 25.3
"AMJ" 163 8.3431 22.6
"AMJ" 163 4.8633 25.2
"AMJ" 163 5.3698 24.3
"AMJ" 163 4.3031 21.6
"AMJ" 163 4.0412 22.8
"AMJ" 163 2.4689 23.7
"AMJ" 163 4.4834 26.2
"AMJ" 163 4.748 21.8
"AMJ" 163 6.0832 20.8
"AMJ" 163 4.6501 23.7
"AMJ" 163 9.387 22.8
"AMJ" 163 3.321 22.3
"AMJ" 163 5.9346 21.8
"AMJ" 163 4.5381 29
"AMJ" 163 2.6926 27.3
"AMJ" 163 6.4232 24.7
"AMJ" 163 4.7872 24.9
"AMJ" 163 4.0823 27.7
"AMJ" 163 5.715 30
"AMJ" 163 6.4788 22.9
"AMJ" 163 6.7679 22.7
"AMJ" 177 3.6045 18.4
"AMJ" 177 3.9806 18.7
"AMJ" 177 3.9723 18.5
"AMJ" 177 4.9542 18.7
"AMJ" 177 4.7001 18.2
"AMJ" 177 3.0606 17.8
"AMJ" 177 6.6456 18.7
"AMJ" 177 7.6704 18.6
"AMJ" 177 4.8538 18
"AMJ" 177 4.5918 17.7
"AMJ" 177 4.5379 17.3
"AMJ" 177 4.2889 17.6
"AMJ" 177 4.3339 19
"AMJ" 177 2.465 21
"AMJ" 177 3.9036 20.7
"AMJ" 177 2.7035 19.1
"AMJ" 177 5.1835 20.8
"AMJ" 177 4.0019 22.9
"AMJ" 177 5.4672 22.9
"AMJ" 177 9.0872 20.2
"AMJ" 177 5.7144 23.3
"AMJ" 177 6.0068 20.4
"AMJ" 177 5.0911 18.3
"AMJ" 177 3.69 19.3
"AMJ" 177 3.1684 20.1
"AMJ" 177 5.2373 21.8
"AMJ" 177 4.6657 17.6
"AMJ" 177 6.2126 17.1
"AMJ" 177 4.1017 19.8
"AMJ" 177 7.5422 20.6
"AMJ" 177 7.5063 18.8
"AMJ" 177 4.2277 18.2
"AMJ" 177 5.0352 26.2
"AMJ" 177 5.6408 25.9
"AMJ" 177 7.8759 23.5
"AMJ" 177 6.1683 22.7
"AMJ" 177 4.7378 28.6
"AMJ" 177 5.2295 29
"AMJ" 177 5.6079 20.6
"AMJ" 177 4.8068 19.5
"JAS" 191 3.6184 21.2
"JAS" 191 3.4633 22.1
"JAS" 191 4.0544 21.8
"JAS" 191 4.8963 22
"JAS" 191 4.7637 21.3
"JAS" 191 3.311 21.7
"JAS" 191 6.3036 21.9
"JAS" 191 7.1568 21.5
"JAS" 191 4.8134 20.3
"JAS" 191 5.0269 20.2
"JAS" 191 4.0375 20.6
"JAS" 191 5.1996 20.5
"JAS" 191 2.9404 21.8
"JAS" 191 4.2792 21.3
"JAS" 191 4.1727 22.5
"JAS" 191 2.7123 22.8
"JAS" 191 5.61 21.7
"JAS" 191 2.2795 23
"JAS" 191 3.2225 23.7
"JAS" 191 7.4669 21.4
"JAS" 191 3.8177 25
"JAS" 191 8.7718 23
"JAS" 191 5.0377 21.6
"JAS" 191 4.54 22
"JAS" 191 4.3713 23
"JAS" 191 2.5144 23.2
"JAS" 191 4.3629 21.2
"JAS" 191 4.8083 20.3
"JAS" 191 4.175 22.5
"JAS" 191 5.7408 22.8
"JAS" 191 5.3369 21.4
"JAS" 191 4.1938 20.8
"JAS" 191 3.4649 26.5
"JAS" 191 1.9853 24
"JAS" 191 4.7202 23.6
"JAS" 191 3.3693 23
"JAS" 191 4.156 26.1
"JAS" 191 7.4131 30
"JAS" 191 4.8223 22.1
"JAS" 191 7.3734 22.3
"JAS" 206 4.001 20.12
"JAS" 206 3.7667 19.88
"JAS" 206 3.3639 19.27
"JAS" 206 3.7417 20.18
"JAS" 206 3.6771 19.91
"JAS" 206 4.4336 21.29
"JAS" 206 4.8524 24.19
"JAS" 206 6.0017 20.43
"JAS" 206 5.9778 19.36
"JAS" 206 5.088 19.4
"JAS" 206 4.149 20.53
"JAS" 206 4.3473 18.52
"JAS" 206 5.2778 22.47
"JAS" 206 6.5733 25.64
"JAS" 206 4.4032 22.14
"JAS" 206 4.8857 20.94
"JAS" 206 8.9183 22.28
"JAS" 206 9.3334 24.51
"JAS" 206 5.1518 23.35
"JAS" 206 5.2903 20.96
"JAS" 206 6.45 24.69
"JAS" 206 7.0552 22.27
"JAS" 206 8.9351 21.4
"JAS" 206 4.9855 19.4
"JAS" 206 7.1855 22.84
"JAS" 206 3.2929 23.4
"JAS" 206 5.9134 19.5
"JAS" 206 7.6871 18.03
"JAS" 206 4.9562 20.33
"JAS" 206 5.8412 20.2
"JAS" 206 5.9512 21.66
"JAS" 206 6.1461 18.58
"JAS" 206 5.4375 28.64
"JAS" 206 3.9211 27.11
"JAS" 206 8.012 22.33
"JAS" 206 4.8177 23.16
"JAS" 206 4.4981 27.76
"JAS" 206 3.03 30.34
"JAS" 206 6.0145 20.87
"JAS" 206 5.8138 20.96
"JAS" 220 4.2166 19.6
"JAS" 220 3.8416 19.8
"JAS" 220 3.3942 19.1
"JAS" 220 3.636 19.1
"JAS" 220 3.0864 19.3
"JAS" 220 4.7388 19.1
"JAS" 220 4.7284 18.4
"JAS" 220 6.1968 19
"JAS" 220 4.6799 17.7
"JAS" 220 5.1011 17.3
"JAS" 220 4.3589 18.7
"JAS" 220 3.1246 18.2
"JAS" 220 3.4661 18
"JAS" 220 5.1951 18.2
"JAS" 220 3.386 17.6
"JAS" 220 3.244 17.8
"JAS" 220 5.8138 18.4
"JAS" 220 4.0415 18.7
"JAS" 220 4.1249 18.9
"JAS" 220 4.7959 17.6
"JAS" 220 5.8404 19.2
"JAS" 220 4.8031 18
"JAS" 220 6.0095 18.6
"JAS" 220 3.4181 18.3
"JAS" 220 6.3657 20.6
"JAS" 220 3.3216 19.3
"JAS" 220 4.7 18
"JAS" 220 5.7832 18.1
"JAS" 220 3.473 19.5
"JAS" 220 4.8753 19.1
"JAS" 220 5.4583 18.3
"JAS" 220 4.7676 18.3
"JAS" 220 5.1369 19.3
"JAS" 220 3.3095 19.7
"JAS" 220 5.4224 18.3
"JAS" 220 4.5937 18.5
"JAS" 220 4.6765 21
"JAS" 220 3.43 20.6
"JAS" 220 5.5445 18.1
"JAS" 220 5.0326 17.9
"JAS" 237 3.0131 22.1
"JAS" 237 3.5059 22.5
"JAS" 237 3.4044 21.5
"JAS" 237 4.5844 22.3
"JAS" 237 4.3396 21.2
"JAS" 237 5.213 22
"JAS" 237 4.9014 20.8
"JAS" 237 5.9281 20.6
"JAS" 237 3.7749 19.8
"JAS" 237 3.0303 19.8
"JAS" 237 4.7749 20.7
"JAS" 237 4.4629 20.2
"JAS" 237 2.4672 23.2
"JAS" 237 5.8446 22.1
"JAS" 237 2.9426 21.6
"JAS" 237 2.5085 21.3
"JAS" 237 4.8144 22.5
"JAS" 237 2.4638 23.6
"JAS" 237 3.1783 22.1
"JAS" 237 6.449 21.3
"JAS" 237 6.2294 22.5
"JAS" 237 6.2861 21.8
"JAS" 237 6.4073 21.3
"JAS" 237 4.8508 21.8
"JAS" 237 1.5112 23.2
"JAS" 237 3.0538 23.6
"JAS" 237 3.2174 21.8
"JAS" 237 4.3789 20.8
"JAS" 237 3.6259 20.7
"JAS" 237 4.1241 20.7
"JAS" 237 3.2849 21.2
"JAS" 237 3.1238 20.2
"JAS" 237 4.1958 24.2
"JAS" 237 3.106 23.8
"JAS" 237 4.2956 24.2
"JAS" 237 7.0605 26
"JAS" 237 3.3534 25
"JAS" 237 3.5323 22.4
"JAS" 237 5.6307 21.2
"JAS" 237 4.1881 20.9
"JAS" 249 3.7337 17.5
"JAS" 249 3.1332 17.1
"JAS" 249 4.4785 16
"JAS" 249 3.0832 16.2
"JAS" 249 3.6205 17.4
"JAS" 249 4.52 17.6
"JAS" 249 4.2376 16.6
"JAS" 249 5.866 16.8
"JAS" 249 3.833 16.1
"JAS" 249 4.2536 15.3
"JAS" 249 3.9473 17.7
"JAS" 249 3.0196 16.5
"JAS" 249 3.0882 17.6
"JAS" 249 6.4383 18.4
"JAS" 249 3.0098 16.9
"JAS" 249 3.2249 16.7
"JAS" 249 5.7428 18.4
"JAS" 249 5.2755 18.2
"JAS" 249 3.4865 18.7
"JAS" 249 4.4444 17.1
"JAS" 249 4.344 18.7
"JAS" 249 4.4858 18.6
"JAS" 249 5.968 19.1
"JAS" 249 3.8162 17.1
"JAS" 249 5.2895 16.1
"JAS" 249 3.2742 17.3
"JAS" 249 4.8615 15
"JAS" 249 5.9925 15.5
"JAS" 249 4.0964 16.2
"JAS" 249 5.3156 16.5
"JAS" 249 4.9741 16.4
"JAS" 249 4.8994 15.5
"JAS" 249 4.9829 20.3
"JAS" 249 3.9297 20.9
"JAS" 249 4.9259 18.3
"JAS" 249 5.0456 19
"JAS" 249 4.2825 23.9
"JAS" 249 3.3109 21.4
"JAS" 249 4.7044 17.9
"JAS" 249 4.6351 17.8
"JAS" 261 3.1754 19.27
"JAS" 261 4.8042 21.16
"JAS" 261 3.6858 21.5
"JAS" 261 3.9135 20.07
"JAS" 261 3.1125 19.09
"JAS" 261 4.1306 18.93
"JAS" 261 4.1326 19.79
"JAS" 261 3.5346 18.77
"JAS" 261 2.7912 18.16
"JAS" 261 4.339 16.32
"JAS" 261 3.7827 18.37
"JAS" 261 3.8792 17.6
"JAS" 261 4.8709 17.09
"JAS" 261 3.3923 17.19
"JAS" 261 4.0079 19.45
"JAS" 261 4.0652 18.45
"JAS" 261 4.6056 18.99
"JAS" 261 4.785 18.09
"JAS" 261 2.5469 19.58
"JAS" 261 3.1621 19.54
"JAS" 261 4.7881 17.31
"JAS" 261 4.432 17.61
"OND" 277 2.0514 14.47
"OND" 277 2.1715 14.56
"OND" 277 1.5859 13.99
"OND" 277 1.52 14.07
"OND" 277 2.6425 13.66
"OND" 277 2.7243 16.38
"OND" 277 2.3282 14.04
"OND" 277 2.473 14.61
"OND" 277 3.0314 11.52
"OND" 277 3.8275 10.93
"OND" 277 1.862 13.98
"OND" 277 1.8019 11.98
"OND" 277 2.4965 15.75
"OND" 277 3.2005 17.19
"OND" 277 2.0672 13.05
"OND" 277 1.8215 15.08
"OND" 277 3.436 14.44
"OND" 277 2.7493 15.87
"OND" 277 2.1319 9.63
"OND" 277 2.1064 9.3
"OND" 277 2.4945 9.62
"OND" 277 2.2564 11.85
"OND" 277 2.8286 10.71
"OND" 277 2.3385 9.93
"OND" 277 2.6659 21.41
"OND" 277 1.3565 18.87
"OND" 277 2.9864 13.23
"OND" 277 3.0903 16.33
"OND" 277 2.1051 10.77
"OND" 277 2.5366 11.13
"OND" 277 2.7646 13.63
"OND" 277 3.2965 10.17
"OND" 277 2.4942 19.04
"OND" 277 2.5257 20.04
"OND" 277 2.8448 14.98
"OND" 277 2.3389 18.36
"OND" 277 1.7288 12.22
"OND" 277 1.9202 11.84
"OND" 277 2.0702 10.86
"OND" 277 3.1691 15.73
"OND" 290 1.758 10.48
"OND" 290 1.606 10.38
"OND" 290 1.3071 10.57
"OND" 290 1.4605 10.68
"OND" 290 3.8649 10.3
"OND" 290 2.6588 10.2
"OND" 290 2.2134 10.1
"OND" 290 3.3564 10.12
"OND" 290 2.1941 9.57
"OND" 290 4.1771 9.59
"OND" 290 1.9467 10.13
"OND" 290 1.6652 9.83
"OND" 290 1.2117 10.61
"OND" 290 2.137 10.72
"OND" 290 1.3546 10.54
"OND" 290 1.2783 10.28
"OND" 290 2.7179 10.29
"OND" 290 1.3876 10.55
"OND" 290 1.5505 10.25
"OND" 290 2.2325 10.19
"OND" 290 2.0259 10.16
"OND" 290 2.0304 10.22
"OND" 290 2.4992 10.03
"OND" 290 2.6125 10.03
"OND" 290 2.0966 10.88
"OND" 290 1.2454 11.01
"OND" 290 1.4166 9.92
"OND" 290 4.3089 10.17
"OND" 290 2.425 10.28
"OND" 290 1.9864 10.45
"OND" 290 2.041 10.17
"OND" 290 2.3928 9.8
"OND" 290 2.0131 11.5
"OND" 290 1.3494 11.57
"OND" 290 1.6291 10.43
"OND" 290 1.4204 11.21
"OND" 290 1.7038 11.12
"OND" 290 1.5359 11.23
"OND" 290 2.0137 9.84
"OND" 290 2.9013 9.98
"OND" 306 1.3217 8.5
"OND" 306 1.1347 8.5
"OND" 306 0.8317 7.8
"OND" 306 1.0878 7.7
"OND" 306 1.2876 8.5
"OND" 306 1.6125 8.6
"OND" 306 1.2876 9.7
"OND" 306 1.8343 9
"OND" 306 1.8328 8.8
"OND" 306 2.5107 8.2
"OND" 306 1.9401 9.6
"OND" 306 1.3656 9
"OND" 306 0.8773 8.2
"OND" 306 1.3732 9.7
"OND" 306 0.8757 8.5
"OND" 306 1.3899 8.1
"OND" 306 1.1221 9.4
"OND" 306 1.3469 9.1
"OND" 306 1.365 8.1
"OND" 306 1.7411 8
"OND" 306 1.3593 8.3
"OND" 306 1.3645 8
"OND" 306 1.4874 8.2
"OND" 306 1.0692 8.1
"OND" 306 1.6409 7.9
"OND" 306 0.5426 8
"OND" 306 0.7866 7.3
"OND" 306 2.0738 7.7
"OND" 306 1.0496 8.5
"OND" 306 1.4525 9.3
"OND" 306 1.1834 10.5
"OND" 306 1.2497 8.1
"OND" 306 1.1969 10.4
"OND" 306 1.3206 11.4
"OND" 306 1.2864 8.8
"OND" 306 0.8467 9.6
"OND" 306 0.9418 8.3
"OND" 306 1.4787 9.2
"OND" 306 1.1252 7.7
"OND" 306 1.4731 8.2
"OND" 324 0.8732 6.9
"OND" 324 0.887 6.7
"OND" 324 1.5783 6.8
"OND" 324 1.2263 7
"OND" 324 1.2794 6.5
"OND" 324 1.1514 6.6
"OND" 324 5.9998 6.3
"OND" 324 1.0334 6.6
"OND" 324 1.2024 6.2
"OND" 324 0.9505 6.2
"OND" 324 0.9825 5.9
"OND" 324 1.713 6.1
"OND" 324 1.1055 6.2
"OND" 324 1.535 5.9
"OND" 324 0.9967 8.1
"OND" 324 0.7712 6.7
"OND" 324 1.2529 7
"OND" 324 1.0323 6.4
"OND" 324 0.8417 6.3
"OND" 324 0.9373 5.6
"OND" 324 1.2546 5.6
"OND" 324 1.2978 6.7
"OND" 324 0.9984 6.1
"OND" 349 0.4153 0
"OND" 349 0.3132 -0.3
"OND" 349 0.699 0
"OND" 349 0.4276 -0.2
"OND" 349 0.8543 -0.2
"OND" 349 1.0053 0.1
"OND" 349 0.5986 0
"OND" 349 0.6999 -0.1
"OND" 349 0.2776 -0.6
"OND" 349 0.475 0
"OND" 349 0.7999 -0.3
"OND" 349 0.6773 -0.7
"OND" 349 0.3494 -0.3
"OND" 349 0.3698 -0.2
"OND" 349 0.4111 -0.4
"OND" 349 0.9778 0
"OND" 349 0.4951 -0.2
"OND" 349 0.9265 -0.2
"OND" 349 0.4965 -0.2
"OND" 349 0.4676 -0.3
"OND" 349 0.3657 -1.6
"OND" 349 0.4339 -0.7
"OND" 349 0.6831 -0.2
"JFM" 55 0.3195 -0.3
"JFM" 18 0.0112 -8.1
"JFM" 55 1.1745 0
"JFM" 55 0.7311 0
"JFM" 55 0.4897 -0.5
"JFM" 18 0.1157 -7.2
"JFM" 55 2.0231 -0.1
"JFM" 55 0.3529 -0.5
"JFM" 55 2.0079 0
"JFM" 18 0.0845 -8.1
"JFM" 55 2.7792 0
"JFM" 55 1.4525 -0.1
"JFM" 55 0.4891 -0.3
"JFM" 18 0.0133 -8.2
"JFM" 55 1.6378 0
"JFM" 55 0.7755 -0.4
"JFM" 55 0.49 0.9
"JFM" 55 0.2574 -0.6
"JFM" 55 0.3982 0
"JFM" 55 0.1188 -0.3
"JFM" 55 0.4707 0.2
"JFM" 55 0.1162 -0.7
"JFM" 55 0.3062 -0.2
"JFM" 55 0.5758 -0.6
"JFM" 89 1.9019 12
"JFM" 89 1.1038 10.3
"JFM" 89 1.3462 12
"JFM" 89 1.7101 9.3
"JFM" 89 1.5319 8.2
"JFM" 89 1.0293 7.9
"JFM" 89 1.5496 15.7
"JFM" 89 3.0249 8.7
"JFM" 89 1.5055 10.6
"JFM" 89 2.9241 7.8
"AMJ" 91 1.455 10.4
"AMJ" 91 0.8082 8.2
"AMJ" 91 0.9988 10.2
"AMJ" 91 1.9416 8.2
"AMJ" 91 1.988 6.7
"AMJ" 91 0.9763 7.1
"AMJ" 91 3.9192 9.6
"AMJ" 91 1.5107 6.1
"AMJ" 91 2.3934 6.5
"AMJ" 91 2.4848 7.3
"AMJ" 91 1.0658 6.6
"AMJ" 91 1.8492 5.5
"AMJ" 91 3.4454 14.1
"AMJ" 91 2.1353 6.5
"AMJ" 91 1.629 9.4
"AMJ" 91 1.9003 5.3
"AMJ" 91 1.9099 10.9
"AMJ" 91 1.1847 7.6
"AMJ" 91 0.9133 7.4
"AMJ" 91 1.7985 7.5
"AMJ" 109 3.9783 15.6
"AMJ" 109 2.9036 15.2
"AMJ" 109 2.482 16.1
"AMJ" 109 2.624 16.3
"AMJ" 109 4.8353 15.5
"AMJ" 109 4.9226 14.3
"AMJ" 109 4.1639 16.3
"AMJ" 109 6.8506 14.6
"AMJ" 109 7.5774 14.1
"AMJ" 109 3.9388 15.5
"AMJ" 109 4.1475 15.7
"AMJ" 109 7.5204 13.7
"AMJ" 109 3.8458 16.5
"AMJ" 109 6.8558 14
"AMJ" 109 3.6687 16.6
"AMJ" 109 6.8627 14.2
"AMJ" 109 3.5799 16.7
"AMJ" 109 2.3838 16.1
"AMJ" 109 3.5928 16.9
"AMJ" 109 2.8118 14.7
"AMJ" 123 2.6527 11.2
"AMJ" 123 2.4984 9.3
"AMJ" 123 1.4759 10.3
"AMJ" 123 1.5163 11.7
"AMJ" 123 2.7379 8.5
"AMJ" 123 2.3312 10.2
"AMJ" 123 2.335 11
"AMJ" 123 2.3269 8.2
"AMJ" 123 1.3184 8.8
"AMJ" 123 1.5969 8.4
"AMJ" 123 2.4248 7.4
"AMJ" 123 2.6718 5.4
"AMJ" 123 3.0502 6.5
"AMJ" 123 1.8317 4.8
"AMJ" 123 1.3735 5.5
"AMJ" 123 2.9011 4.8
"AMJ" 123 2.1988 4.6
"AMJ" 123 2.1629 6.3
"AMJ" 123 1.8047 8
"AMJ" 123 2.311 7.6
"AMJ" 123 2.1865 8.2
"AMJ" 123 2.5485 6
"AMJ" 123 3.8339 5.5
"AMJ" 123 2.4876 17.1
"AMJ" 123 1.7854 11.7
"AMJ" 123 3.8097 7
"AMJ" 123 0.5688 8
"AMJ" 123 3.315 10.4
"AMJ" 123 2.9826 13.4
"AMJ" 123 2.4358 6.1
"AMJ" 123 1.5668 7.5
"AMJ" 123 2.2714 7.4
"AMJ" 123 1.5519 5.7
"AMJ" 123 2.0607 7
"AMJ" 123 1.4691 6.4
"AMJ" 123 1.3423 9.5
"AMJ" 123 3.2806 9.7
"AMJ" 123 1.6623 8.7
"AMJ" 123 1.0021 7.6
"AMJ" 136 2.5992 12.3
"AMJ" 136 3.3432 11.4
"AMJ" 136 1.6697 12
"AMJ" 136 1.6774 11.5
"AMJ" 136 1.6441 12.7
"AMJ" 136 2.7051 11.6
"AMJ" 136 2.0998 12.3
"AMJ" 136 2.2481 12.5
"AMJ" 136 4.5244 11.4
"AMJ" 136 1.8034 12.2
"AMJ" 136 2.5943 10.3
"AMJ" 136 3.1836 10.3
"AMJ" 136 2.6435 11.8
"AMJ" 136 3.1131 11.1
"AMJ" 136 2.6403 10.8
"AMJ" 136 2.42 12.7
"AMJ" 136 4.6574 10.5
"AMJ" 136 3.715 10.3
"AMJ" 136 2.397 10.7
"AMJ" 136 2.9535 10.7
"AMJ" 136 2.3192 11.3
"AMJ" 136 2.3808 11.6
"AMJ" 136 3.7378 9.4
"AMJ" 136 4.7536 9.1
"AMJ" 136 3.8746 12.2
"AMJ" 136 2.4663 12.1
"AMJ" 136 0.9988 10.1
"AMJ" 136 1.5162 10.8
"AMJ" 136 2.8343 12.8
"AMJ" 136 2.5746 13.7
"AMJ" 136 4.0979 10.4
"AMJ" 136 1.9972 10.8
"AMJ" 136 2.5344 12.4
"AMJ" 136 1.6312 11.6
"AMJ" 136 2.0108 11.7
"AMJ" 136 2.3542 13
"AMJ" 136 1.7688 12.4
"AMJ" 136 1.5037 12.4
"AMJ" 136 1.8502 10.6
"AMJ" 136 1.7541 9.6
"AMJ" 152 4.1829 22.4
"AMJ" 152 4.1174 19.5
"AMJ" 152 3.7905 22.8
"AMJ" 152 2.7441 21.7
"AMJ" 152 3.4706 20.6
"AMJ" 152 5.3711 20.6
"AMJ" 152 4.0102 18.1
"AMJ" 152 4.0132 18.2
"AMJ" 152 3.992 18.6
"AMJ" 152 3.7385 17.8
"AMJ" 152 4.1823 16.5
"AMJ" 152 5.622 15.6
"AMJ" 152 4.8476 16.6
"AMJ" 152 4.5598 16.7
"AMJ" 152 3.1671 15.6
"AMJ" 152 4.362 16.4
"AMJ" 152 7.0313 13.8
"AMJ" 152 6.4038 15.6
"AMJ" 152 4.1776 20.6
"AMJ" 152 4.0598 22.7
"AMJ" 152 3.9813 21.9
"AMJ" 152 4.3944 24.3
"AMJ" 152 5.5914 16.7
"AMJ" 152 5.6098 16.1
"AMJ" 152 4.076 27.2
"AMJ" 152 2.9253 25.1
"AMJ" 152 4.7272 18.6
"AMJ" 152 4.835 21.7
"AMJ" 152 4.4074 19.3
"AMJ" 152 3.2247 22.3
"AMJ" 152 5.5574 16.2
"AMJ" 152 3.3009 17.2
"AMJ" 152 4.0975 18.4
"AMJ" 152 3.8338 17.3
"AMJ" 152 2.6881 17.3
"AMJ" 152 4.492 19.2
"AMJ" 152 4.422 22.5
"AMJ" 152 1.0403 21.5
"AMJ" 152 3.4683 20.3
"AMJ" 152 3.6546 18.7
"AMJ" 168 6.7139 26.28
"AMJ" 168 6.4943 22.89
"AMJ" 168 4.2335 23.72
"AMJ" 168 3.5094 23.06
"AMJ" 168 4.9053 27.39
"AMJ" 168 6.7978 24.94
"AMJ" 168 4.7816 17.5
"AMJ" 168 4.7753 18.33
"AMJ" 168 5.2619 17.89
"AMJ" 168 4.3022 17.56
"AMJ" 168 4.6371 17.22
"AMJ" 168 5.5975 16.83
"AMJ" 168 5.2826 19.94
"AMJ" 168 5.8382 20.61
"AMJ" 168 5.4077 18.67
"AMJ" 168 4.0588 19.94
"AMJ" 168 6.1381 18
"AMJ" 168 6.6636 18.5
"AMJ" 168 5.0877 20.44
"AMJ" 168 4.5861 20.06
"AMJ" 168 5.5664 20.94
"AMJ" 168 7.3404 17.44
"AMJ" 168 9.2563 17.67
"AMJ" 168 7.4719 30.78
"AMJ" 168 5.5028 25.67
"AMJ" 168 6.9027 20.5
"AMJ" 168 5.9824 24.89
"AMJ" 168 7.2193 19.67
"AMJ" 168 5.254 19.39
"AMJ" 168 8.4125 16.44
"AMJ" 168 5.6886 16.44
"AMJ" 168 4.0081 20.44
"AMJ" 168 3.6048 20
"AMJ" 168 3.2095 18.72
"AMJ" 168 4.9214 19.67
"AMJ" 168 5.1666 21.56
"AMJ" 168 5.7992 25.28
"AMJ" 168 4.1464 18.83
"AMJ" 168 5.4927 19.56
"AMJ" 181 5.6619 23.83
"AMJ" 181 9.8191 22.78
"AMJ" 181 3.5037 23.72
"AMJ" 181 3.786 22.83
"AMJ" 181 6.6001 23.61
"AMJ" 181 6.2217 23.17
"AMJ" 181 5.157 25.5
"AMJ" 181 6.9733 28
"AMJ" 181 7.1957 24.78
"AMJ" 181 2.8855 23.22
"AMJ" 181 6.2921 25.67
"AMJ" 181 7.878 24.06
"AMJ" 181 5.5362 23.5
"AMJ" 181 5.3123 24.17
"AMJ" 181 5.4494 22.39
"AMJ" 181 3.0604 22.78
"AMJ" 181 10.0382 23.17
"AMJ" 181 6.0493 22.56
"AMJ" 181 5.7885 22.83
"AMJ" 181 5.1082 25.06
"AMJ" 181 9.5166 25.67
"AMJ" 181 6.6533 27
"AMJ" 181 7.1726 22.94
"AMJ" 181 11.8624 21.78
"AMJ" 181 4.5827 25.61
"AMJ" 181 3.7153 24.56
"AMJ" 181 5.292 22
"AMJ" 181 4.0656 21.89
"AMJ" 181 9.8454 25.06
"AMJ" 181 6.4327 30.33
"AMJ" 181 10.1522 22.5
"AMJ" 181 6.7706 23.06
"AMJ" 181 3.4552 24.67
"AMJ" 181 2.2158 23.94
"AMJ" 181 4.6045 25.83
"AMJ" 181 3.7615 24
"AMJ" 181 5.6506 25.06
"AMJ" 181 3.0054 26.56
"AMJ" 181 5.1323 22.28
"AMJ" 181 6.9395 22.89
"JAS" 193 6.3623 31.61
"JAS" 193 5.1635 26.5
"JAS" 193 4.7654 28.06
"JAS" 193 3.3118 23.94
"JAS" 193 5.9671 30.67
"JAS" 193 6.8628 26.94
"JAS" 193 6.0863 24.22
"JAS" 193 9.6118 26.78
"JAS" 193 5.6829 23.72
"JAS" 193 5.6593 22.22
"JAS" 193 5.8732 24.06
"JAS" 193 7.982 22.33
"JAS" 193 6.8664 24.22
"JAS" 193 5.4963 24.61
"JAS" 193 7.4902 22.11
"JAS" 193 5.2502 22.5
"JAS" 193 9.1867 22.61
"JAS" 193 5.3089 22.5
"JAS" 193 4.3646 23.11
"JAS" 193 5.4567 23.5
"JAS" 193 5.0054 24.44
"JAS" 193 8.2902 20.61
"JAS" 193 8.2875 21.11
"JAS" 193 6.6959 33.06
"JAS" 193 4.1743 26.89
"JAS" 193 8.0637 22.06
"JAS" 193 6.4307 23.61
"JAS" 193 9.7562 23.83
"JAS" 193 6.4689 28.44
"JAS" 193 10.7219 22
"JAS" 193 6.6259 21.56
"JAS" 193 5.9076 25.28
"JAS" 193 5.861 25.61
"JAS" 193 7.877 25.44
"JAS" 193 7.0942 25.11
"JAS" 193 5.2849 23.61
"JAS" 193 5.2842 25
"JAS" 193 7.9421 21.56
"JAS" 193 5.6044 21.28
"JAS" 205 7.679 28.22
"JAS" 205 8.1829 25.44
"JAS" 205 4.4902 26.56
"JAS" 205 2.9595 25.11
"JAS" 205 6.043 27.22
"JAS" 205 6.1063 26.17
"JAS" 205 8.6179 26.89
"JAS" 205 7.6577 27.28
"JAS" 205 3.2257 26.56
"JAS" 205 5.8853 25.83
"JAS" 205 8.0238 26.67
"JAS" 205 7.7817 25.83
"JAS" 205 8.3669 27.17
"JAS" 205 7.075 29.83
"JAS" 205 7.9125 25.67
"JAS" 205 4.469 25.94
"JAS" 205 7.4354 25.78
"JAS" 205 7.4257 27.28
"JAS" 205 8.3967 28.11
"JAS" 205 6.7467 29.39
"JAS" 205 7.2375 30.5
"JAS" 205 10.019 26.5
"JAS" 205 10.4191 26
"JAS" 205 9.2139 31.5
"JAS" 205 6.3269 28.39
"JAS" 205 6.7347 24.72
"JAS" 205 7.0162 24
"JAS" 205 6.9511 27.11
"JAS" 205 7.0263 24.11
"JAS" 205 0 28.39
"JAS" 205 5.9792 28.83
"JAS" 205 8.2857 29.56
"JAS" 205 7.9229 29.22
"JAS" 205 7.2393 27.89
"JAS" 205 5.6415 30.11
"JAS" 205 5.7236 25.83
"JAS" 205 6.6025 25.17
"JAS" 228 5.8433 21.6
"JAS" 228 6.032 19
"JAS" 228 4.3087 18.4
"JAS" 228 2.3632 18.1
"JAS" 228 5.5181 19.9
"JAS" 228 6.3308 19.6
"JAS" 228 4.8215 17.9
"JAS" 228 5.3947 19.6
"JAS" 228 4.4907 19.1
"JAS" 228 3.8182 19.1
"JAS" 228 6.7372 21.8
"JAS" 228 7.3182 18.2
"JAS" 228 7.2292 20.8
"JAS" 228 5.6997 21.8
"JAS" 228 6.7685 19.8
"JAS" 228 3.1289 20
"JAS" 228 9.1494 19.7
"JAS" 228 6.923 19.1
"JAS" 228 4.4941 19.61
"JAS" 228 4.6355 19.67
"JAS" 228 3.4938 19.89
"JAS" 228 4.573 20.39
"JAS" 228 5.3091 18.5
"JAS" 228 5.7851 18.33
"JAS" 228 5.7961 24.6
"JAS" 228 4.9152 20.9
"JAS" 228 4.3571 17.9
"JAS" 228 5.4982 17.8
"JAS" 228 5.1986 22
"JAS" 228 13.3708 17.2
"JAS" 228 7.0728 17.2
"JAS" 228 4.9142 20.7
"JAS" 228 6.7939 22.3
"JAS" 228 4.9783 20.9
"JAS" 228 5.2014 22.4
"JAS" 228 5.5813 17.8
"JAS" 228 3.6867 18.5
"JAS" 228 5.2418 19.4
"JAS" 228 6.4918 17.1
"JAS" 242 5.5858 22
"JAS" 242 5.8147 19.2
"JAS" 242 3.7166 21
"JAS" 242 1.9017 20.7
"JAS" 242 5.8158 22.2
"JAS" 242 5.5977 23.2
"JAS" 242 4.4071 17
"JAS" 242 6.0013 17.8
"JAS" 242 4.694 20.8
"JAS" 242 3.1644 17.1
"JAS" 242 6.0335 20
"JAS" 242 5.4259 17.9
"JAS" 242 6.6814 17.4
"JAS" 242 5.1072 17.1
"JAS" 242 6.4919 16.2
"JAS" 242 3.1319 16.1
"JAS" 242 7.7916 16
"JAS" 242 8.4872 15.9
"JAS" 242 4.2246 19
"JAS" 242 4.8824 19.5
"JAS" 242 3.6548 18.9
"JAS" 242 4.2716 19.8
"JAS" 242 5.017 17.9
"JAS" 242 5.4373 18.1
"JAS" 242 5.8712 24.2
"JAS" 242 3.7506 22.1
"JAS" 242 3.4579 17.2
"JAS" 242 4.7009 21.4
"JAS" 242 9.8713 19
"JAS" 242 5.0541 18.5
"JAS" 242 8.1885 15.2
"JAS" 242 4.8238 15.7
"JAS" 242 4.9525 16.8
"JAS" 242 6.7329 17.9
"JAS" 242 4.4183 17.1
"JAS" 242 5.7014 18.8
"JAS" 242 4.3049 19.1
"JAS" 242 4.7623 20.5
"JAS" 242 9.0713 19.2
"JAS" 242 6.5785 18.3
"JAS" 256 4.2974 19.1
"JAS" 256 5.3244 19.5
"JAS" 256 3.3665 18
"JAS" 256 1.9912 17.9
"JAS" 256 4.5946 18.1
"JAS" 256 4.7313 18.5
"JAS" 256 5.0144 18.5
"JAS" 256 5.7683 18.9
"JAS" 256 3.8791 18.7
"JAS" 256 4.0692 18.5
"JAS" 256 5.0119 18.9
"JAS" 256 4.7367 19.1
"JAS" 256 5.7124 19
"JAS" 256 4.7262 19.1
"JAS" 256 7.4816 18.5
"JAS" 256 3.0996 18.9
"JAS" 256 9.6973 18.5
"JAS" 256 6.5147 18.2
"JAS" 256 4.242 19.5
"JAS" 256 5.058 18.9
"JAS" 256 3.1502 18.9
"JAS" 256 3.8149 19.5
"JAS" 256 5.8693 18.9
"JAS" 256 5.4074 18.9
"JAS" 256 3.3448 19.5
"JAS" 256 3.596 20.9
"JAS" 256 4.9509 17.5
"JAS" 256 4.715 17.9
"JAS" 256 8.1139 19.9
"JAS" 256 4.8875 20
"JAS" 256 8.9399 18
"JAS" 256 5.6358 17.9
"JAS" 256 5.5445 19.9
"JAS" 256 5.8917 20.1
"JAS" 256 5.1322 18.1
"JAS" 256 9.3381 19.7
"JAS" 256 4.4657 19.7
"JAS" 256 2.3332 19.9
"JAS" 256 6.9714 18.5
"JAS" 256 6.3835 17.5
"JAS" 272 2.1363 12.9
"JAS" 272 4.6841 12.2
"JAS" 272 1.3292 11.8
"JAS" 272 1.3955 11.2
"JAS" 272 1.8367 13.1
"JAS" 272 2.0019 13.9
"JAS" 272 1.9822 8.5
"JAS" 272 2.2254 9.1
"JAS" 272 1.7238 8.9
"JAS" 272 1.32 8.3
"JAS" 272 2.1535 8.3
"JAS" 272 1.9804 8.1
"JAS" 272 2.6369 9.9
"JAS" 272 2.1189 10.1
"JAS" 272 2.4206 9.8
"JAS" 272 1.6111 9.3
"JAS" 272 3.2849 9.9
"JAS" 272 2.5736 9.9
"JAS" 272 1.807 10.1
"JAS" 272 3.3277 10.9
"JAS" 272 1.8137 10.9
"JAS" 272 2.1711 11.2
"JAS" 272 2.7369 9.8
"JAS" 272 4.6217 10.1
"JAS" 272 1.8967 16.2
"JAS" 272 1.6683 16.6
"JAS" 272 1.8575 10.3
"JAS" 272 1.7844 13.9
"JAS" 272 3.4728 9.5
"JAS" 272 1.8722 9.1
"JAS" 272 2.559 9
"JAS" 272 1.7235 9.5
"JAS" 272 1.4998 9.4
"JAS" 272 1.6906 9.1
"JAS" 272 1.7878 10.9
"JAS" 272 1.2957 10.2
"JAS" 272 2.2117 11.9
"JAS" 272 1.1175 11.5
"JAS" 272 3.3727 12.8
"JAS" 272 1.9913 10.8
"OND" 284 2.5524 10.1
"OND" 284 3.7632 10
"OND" 284 1.6397 9.7
"OND" 284 1.527 9.5
"OND" 284 2.0284 10.5
"OND" 284 2.5765 10.1
"OND" 284 2.6554 10
"OND" 284 3.0664 9.1
"OND" 284 2.1351 8.5
"OND" 284 2.037 8.7
"OND" 284 2.418 9.5
"OND" 284 2.348 9.8
"OND" 284 3.0935 9.5
"OND" 284 2.0714 10.1
"OND" 284 2.713 10.5
"OND" 284 2.297 8.9
"OND" 284 3.1465 9.3
"OND" 284 2.9715 9
"OND" 284 2.2292 9.1
"OND" 284 2.4752 7.8
"OND" 284 1.8146 6.8
"OND" 284 2.3206 7
"OND" 284 2.8799 7.5
"OND" 284 2.8724 7.1
"OND" 284 2.119 12
"OND" 284 1.5164 11.1
"OND" 284 1.4041 8.9
"OND" 284 1.8206 9.9
"OND" 284 3.6631 9.1
"OND" 284 2.3467 8.5
"OND" 284 2.7303 8
"OND" 284 2.7723 7.5
"OND" 284 2.3306 10
"OND" 284 2.238 9.9
"OND" 284 3.2742 10
"OND" 284 1.64 9.5
"OND" 284 2.5503 8
"OND" 284 2.8556 6.5
"OND" 284 2.5992 5.5
"OND" 284 1.6542 5.1
"OND" 298 1.7248 9.61
"OND" 298 2.0702 8.94
"OND" 298 0.8587 8.94
"OND" 298 1.0444 8.67
"OND" 298 2.0369 9.67
"OND" 298 1.0698 9.39
"OND" 298 1.528 8.56
"OND" 298 1.9726 8.89
"OND" 298 1.253 8.61
"OND" 298 1.0217 8.22
"OND" 298 1.5694 9.39
"OND" 298 1.5161 8.89
"OND" 298 2.0063 8.44
"OND" 298 1.6062 7.72
"OND" 298 2.8664 8.33
"OND" 298 1.3146 7.89
"OND" 298 2.678 8.89
"OND" 298 1.701 8.33
"OND" 298 1.4205 8.94
"OND" 298 1.9784 9.67
"OND" 298 1.2262 9.39
"OND" 298 1.7265 9.22
"OND" 298 1.8293 8.83
"OND" 298 1.844 9.17
"OND" 298 1.9326 12.28
"OND" 298 0.9955 9.28
"OND" 298 1.2458 8.11
"OND" 298 1.2198 9.89
"OND" 298 2.8842 9.11
"OND" 298 1.3373 8.33
"OND" 298 1.5727 7.78
"OND" 298 1.5323 8.11
"OND" 298 0.8883 7.89
"OND" 298 1.3571 7.39
"OND" 298 2.2438 8.72
"OND" 298 1.0609 8.17
"OND" 298 1.7926 9.78
"OND" 298 1.0894 9
"OND" 298 1.735 11.39
"OND" 298 1.258 9.06
"OND" 354 0.059 -5.17
"OND" 354 1.8453 -5.28
"OND" 354 0.1029 -2.5
"OND" 354 0.4554 -5.44
"OND" 354 0.144 -4.83
"OND" 354 0.1577 -7.78
"OND" 354 -0.1004 -2.67
"OND" 354 0.3473 -4.67
"OND" 354 -0.282 -4.61
"OND" 354 1.9586 -5.67
"OND" 354 0.1768 -5.11
"OND" 354 0.2517 -6.22
"OND" 354 0.2407 -1.22
"OND" 354 0.1184 -5.72
"OND" 354 0.3795 -6.06
"OND" 354 0.0503 -7.67
"OND" 354 0.1075 -5.5
"OND" 354 0.2672 -5.67
"OND" 354 0.1229 -5.89
"OND" 354 0.0582 -6.28
"JFM" 18 0.454 0
"JFM" 18 0.4032 0
"JFM" 18 0.5486 0
"JFM" 18 0.259 0
"JFM" 18 0.3081 0
"JFM" 18 0.2793 0
"JFM" 18 0.3007 0
"JFM" 18 0.6082 0
"JFM" 18 0.2739 0
"JFM" 18 0.2632 0
"JFM" 18 0.2873 0
"JFM" 18 1.9778 0
"JFM" 18 0.5206 0
"JFM" 18 0.5989 0
"JFM" 18 0.3528 0
"JFM" 18 0.78 0
"JFM" 18 0.2892 0
"JFM" 18 0.5072 0
"JFM" 18 0.2279 0
"JFM" 18 0.2735 0
"JFM" 18 0.2184 0
"JFM" 18 0.1837 0
"JFM" 18 0.2701 0
"JFM" 18 0.179 0
"JFM" 18 0.2949 0
"JFM" 18 0.3699 0
"JFM" 18 0.5146 0
"JFM" 18 4.1528 0
"JFM" 18 0.3878 0
"JFM" 18 0.2807 0
"JFM" 18 0.1601 0
"JFM" 18 0.5505 0
"JFM" 18 0.4361 0
"JFM" 18 0.2651 0
"JFM" 18 0.2474 0
"JFM" 18 0.2479 0
"JFM" 18 0.2205 0
"JFM" 18 0.2169 0
"JFM" 18 0.1719 0
"JFM" 46 0.4484 0
"JFM" 46 0.4127 0
"JFM" 46 0.3445 0
"JFM" 46 0.3926 0
"JFM" 46 0.2274 0
"JFM" 46 0.321 0.1
"JFM" 46 0.4627 0
"JFM" 46 0.195 0
"JFM" 46 0.2985 0
"JFM" 46 0.2325 0
"JFM" 46 0.189 0
"JFM" 46 0.1212 0
"JFM" 46 0.209 0
"JFM" 46 0.4929 0
"JFM" 46 0.2551 0
"JFM" 46 0.1543 0
"JFM" 46 0.2954 0
"JFM" 46 0.1078 0
"JFM" 46 0.2328 0
"JFM" 46 0.2764 0
"JFM" 74 0.5369 2.5
"JFM" 74 0.36 1.7
"JFM" 74 0.2657 1.3
"JFM" 74 0.5507 0.8
"JFM" 74 0.5429 0.8
"JFM" 74 0.3412 0.8
"JFM" 74 0.5234 1.2
"JFM" 74 0.6727 0.7
"JFM" 74 0.5432 0.9
"JFM" 74 0.536 0.7
"JFM" 74 0.5055 0.8
"JFM" 74 1.0352 0.3
"JFM" 74 0.6453 3.2
"JFM" 74 0.4111 0.2
"JFM" 74 0.9028 1.3
"JFM" 74 0.3479 0.2
"JFM" 74 0.419 0.8
"JFM" 74 0.4338 0.6
"JFM" 74 0.7309 2.5
"JFM" 74 0.4355 0.1
"JFM" 88 1.0534 7.5
"JFM" 88 0.5901 6.7
"JFM" 88 0.5656 6
"JFM" 88 1.6581 4.9
"JFM" 88 0.859 6.5
"JFM" 88 1.4956 5.5
"JFM" 88 1.249 5.8
"JFM" 88 1.423 5.2
"JFM" 88 1.2095 4.6
"JFM" 88 1.6076 5.7
"JFM" 88 1.2398 5.8
"JFM" 88 1.4507 4.6
"JFM" 88 0.9865 8.2
"JFM" 88 0.3843 4.6
"JFM" 88 1.7795 5.7
"JFM" 88 0.8065 3.7
"JFM" 88 1.6045 6.4
"JFM" 88 1.245 5.3
"JFM" 88 1.3486 7.6
"JFM" 88 0.7873 5.4
"AMJ" 102 3.3514 13.8
"AMJ" 102 2.7109 14.6
"AMJ" 102 1.5494 14.7
"AMJ" 102 2.0967 13.5
"AMJ" 102 2.6242 13.6
"AMJ" 102 2.2454 13.5
"AMJ" 102 3.0812 11.9
"AMJ" 102 8.0562 12.2
"AMJ" 102 2.6622 11.3
"AMJ" 102 6.7595 10.7
"AMJ" 102 3.4589 11.5
"AMJ" 102 2.8194 10.5
"AMJ" 102 4.1152 13.2
"AMJ" 102 4.2147 13.8
"AMJ" 102 2.6885 12.9
"AMJ" 102 3.7962 13.2
"AMJ" 102 4.8922 12.6
"AMJ" 102 4.2116 12.3
"AMJ" 102 2.759 15.3
"AMJ" 102 2.698 14.7
"AMJ" 102 2.8668 11.7
"AMJ" 102 1.3031 11.3
"AMJ" 102 2.6564 12
"AMJ" 102 2.7648 12.8
"AMJ" 102 1.6952 12.3
"AMJ" 102 2.1974 10.5
"AMJ" 102 2.0095 14.7
"AMJ" 102 3.984 15.7
"AMJ" 102 1.9259 12.7
"AMJ" 102 2.6396 12.4
"AMJ" 116 3.0472 13.6
"AMJ" 116 4.4134 15.2
"AMJ" 116 2.3185 14.3
"AMJ" 116 2.2419 14.1
"AMJ" 116 3.5963 13.9
"AMJ" 116 3.0216 13.7
"AMJ" 116 2.6362 8.8
"AMJ" 116 3.5053 9
"AMJ" 116 2.0727 9
"AMJ" 116 2.3774 9.1
"AMJ" 116 2.6423 9.6
"AMJ" 116 2.0016 8.8
"AMJ" 116 4.4499 11.5
"AMJ" 116 3.7205 10.9
"AMJ" 116 2.4889 10.5
"AMJ" 116 2.1804 10.2
"AMJ" 116 3.1325 9.4
"AMJ" 116 3.2969 9.5
"AMJ" 116 4.095 12
"AMJ" 116 3.6161 12.1
"AMJ" 116 3.3859 11.6
"AMJ" 116 3.5392 10.4
"AMJ" 116 4.5552 10.6
"AMJ" 116 4.8709 11.7
"AMJ" 116 2.9997 14
"AMJ" 116 2.6221 14.5
"AMJ" 116 2.9771 11.6
"AMJ" 116 1.2208 11.7
"AMJ" 116 1.4932 9
"AMJ" 116 2.9586 9.2
"AMJ" 116 1.6719 7.3
"AMJ" 116 1.6359 7.2
"AMJ" 116 3.3274 10.9
"AMJ" 116 3.2065 10.3
"AMJ" 116 2.4529 9.8
"AMJ" 116 2.2425 8.7
"AMJ" 116 3.0303 12.5
"AMJ" 116 3.2703 13.9
"AMJ" 116 1.7411 10.8
"AMJ" 116 2.0389 13.3
"AMJ" 130 3.1474 16
"AMJ" 130 2.6792 15.8
"AMJ" 130 2.6229 16.9
"AMJ" 130 1.7638 17.1
"AMJ" 130 4.0051 15.2
"AMJ" 130 2.6926 14.5
"AMJ" 130 3.802 13.8
"AMJ" 130 4.3287 13.6
"AMJ" 130 1.8318 14.1
"AMJ" 130 3.1791 13.9
"AMJ" 130 3.2731 13.1
"AMJ" 130 2.8231 13.2
"AMJ" 130 3.8898 15.7
"AMJ" 130 4.0535 15.7
"AMJ" 130 2.466 13.9
"AMJ" 130 2.6201 14.5
"AMJ" 130 4.1004 15
"AMJ" 130 4.1376 14.8
"AMJ" 130 4.4508 14.4
"AMJ" 130 3.647 14.5
"AMJ" 130 2.5869 14.3
"AMJ" 130 3.0915 15.1
"AMJ" 130 3.6499 13.2
"AMJ" 130 3.9466 13.7
"AMJ" 130 1.9846 16.7
"AMJ" 130 2.9075 16.5
"AMJ" 130 1.7699 13.5
"AMJ" 130 1.0779 13.2
"AMJ" 130 2.1204 14.2
"AMJ" 130 4.3697 15.2
"AMJ" 130 1.1787 12.8
"AMJ" 130 1.7774 13
"AMJ" 130 3.9603 16.8
"AMJ" 130 3.3871 14.9
"AMJ" 130 2.2718 15.3
"AMJ" 130 2.1868 13.5
"AMJ" 130 3.7308 16.2
"AMJ" 130 3.3701 16.7
"AMJ" 130 1.6847 14.8
"AMJ" 130 0.9525 15
"AMJ" 143 2.4886 17
"AMJ" 143 2.7347 17.3
"AMJ" 143 2.6304 17.6
"AMJ" 143 2.1642 17.8
"AMJ" 143 3.5541 15.8
"AMJ" 143 4.0254 15.6
"AMJ" 143 4.5981 16.6
"AMJ" 143 6.2464 16.7
"AMJ" 143 2.3512 16.7
"AMJ" 143 3.6224 16.3
"AMJ" 143 4.204 15.3
"AMJ" 143 4.6971 15.6
"AMJ" 143 3.0691 15.1
"AMJ" 143 3.7125 15.2
"AMJ" 143 3.6008 15.3
"AMJ" 143 3.1721 14.5
"AMJ" 143 4.2215 14.3
"AMJ" 143 3.4348 14.5
"AMJ" 143 3.5496 14.3
"AMJ" 143 3.5327 14.8
"AMJ" 143 3.0744 14.3
"AMJ" 143 3.6773 15
"AMJ" 143 3.9337 12.8
"AMJ" 143 3.8077 14
"AMJ" 143 3.0235 17.3
"AMJ" 143 3.7278 18.8
"AMJ" 143 2.4436 14.5
"AMJ" 143 0.9832 13.6
"AMJ" 143 3.5989 17
"AMJ" 143 4.8908 18.5
"AMJ" 143 2.5827 15.5
"AMJ" 143 2.8706 16.3
"AMJ" 143 4.0213 16.5
"AMJ" 143 3.9011 15.1
"AMJ" 143 4.323 15.2
"AMJ" 143 1.7422 13
"AMJ" 143 3.3366 15.8
"AMJ" 143 3.5119 16.1
"AMJ" 143 1.5747 13.3
"AMJ" 143 2.0556 14.3
"AMJ" 158 6.254 22.2
"AMJ" 158 3.4003 24.2
"AMJ" 158 4.0476 23.6
"AMJ" 158 4.5064 20
"AMJ" 158 4.2567 19.8
"AMJ" 158 4.4873 19.1
"AMJ" 158 4.3287 19.6
"AMJ" 158 8.0292 18.5
"AMJ" 158 5.5279 18.8
"AMJ" 158 4.2167 21
"AMJ" 158 4.9913 21.8
"AMJ" 158 4.8976 22.1
"AMJ" 158 5.0791 23.7
"AMJ" 158 7.2521 18.8
"AMJ" 158 5.7751 21.3
"AMJ" 158 3.7802 22.8
"AMJ" 158 7.3376 24.3
"AMJ" 158 4.2165 20.5
"AMJ" 158 4.9658 21.3
"AMJ" 158 3.8986 19.7
"AMJ" 158 6.2686 19.7
"AMJ" 158 3.8799 19.7
"AMJ" 158 4.0911 17.7
"AMJ" 158 2.9819 23.6
"AMJ" 158 6.9458 24.6
"AMJ" 158 4.2403 21.7
"AMJ" 158 3.3938 22
"AMJ" 171 4.032 21.7
"AMJ" 171 3.7264 21.8
"AMJ" 171 3.8268 21.3
"AMJ" 171 3.291 21.3
"AMJ" 171 5.3413 19.2
"AMJ" 171 4.6676 19.3
"AMJ" 171 5.3969 19.4
"AMJ" 171 6.4449 19
"AMJ" 171 3.377 18.7
"AMJ" 171 4.319 18.9
"AMJ" 171 5.4016 19.1
"AMJ" 171 4.5652 19.2
"AMJ" 171 5.6511 20.3
"AMJ" 171 5.3296 19.8
"AMJ" 171 4.4508 19.1
"AMJ" 171 5.5211 18.9
"AMJ" 171 7.2476 19.3
"AMJ" 171 5.4438 19.5
"AMJ" 171 4.5726 19.6
"AMJ" 171 5.7756 20.2
"AMJ" 171 3.9067 19.7
"AMJ" 171 4.6663 20.4
"AMJ" 171 6.1186 18.3
"AMJ" 171 7.033 19.3
"AMJ" 171 3.4258 19.4
"AMJ" 171 1.1519 20.7
"AMJ" 171 2.2328 17.2
"AMJ" 171 3.6353 17.1
"AMJ" 171 4.3398 19.8
"AMJ" 171 5.7626 19.8
"AMJ" 171 7.7467 18.5
"AMJ" 171 6.2448 18.4
"AMJ" 171 4.7765 20.2
"AMJ" 171 5.7391 19.4
"AMJ" 171 8.6083 19.5
"AMJ" 171 5.7012 17.8
"AMJ" 171 4.4815 20.1
"AMJ" 171 5.0345 20.8
"AMJ" 171 3.5104 18.3
"AMJ" 171 4.3637 18.6
"AMJ" 180 2.2218 23
"AMJ" 180 2.1514 23.3
"AMJ" 180 1.5968 24.9
"AMJ" 180 1.6099 22
"AMJ" 180 3.6455 20
"AMJ" 180 4.2215 18.8
"AMJ" 180 2.9816 17.9
"AMJ" 180 3.643 17.5
"AMJ" 180 2.3842 17.1
"AMJ" 180 3.2092 17.2
"AMJ" 180 3.3303 17.3
"AMJ" 180 3.5476 17.4
"AMJ" 180 3.6938 21.2
"AMJ" 180 3.5839 21.8
"AMJ" 180 3.2519 19.5
"AMJ" 180 3.6244 19.2
"AMJ" 180 6.0946 20.3
"AMJ" 180 3.8738 22.2
"AMJ" 180 3.1022 23.2
"AMJ" 180 3.9179 22.7
"AMJ" 180 3.0519 24.3
"AMJ" 180 3.8103 22.3
"AMJ" 180 5.0821 21.6
"AMJ" 180 5.1638 20.3
"AMJ" 180 2.3188 20.4
"AMJ" 180 2.5941 20.2
"AMJ" 180 2.8052 16.3
"AMJ" 180 3.4094 16.3
"AMJ" 180 2.2389 18
"AMJ" 180 3.9653 18.3
"AMJ" 180 4.2023 17.3
"AMJ" 180 5.0251 17.5
"AMJ" 180 3.9046 23.1
"AMJ" 180 4.2152 20.3
"AMJ" 180 9.0342 23.1
"AMJ" 180 3.4027 18.8
"AMJ" 180 3.578 24.6
"AMJ" 180 3.5099 25
"AMJ" 180 3.7518 21.3
"AMJ" 180 3.6964 19.7
"JAS" 193 4.1969 21.7
"JAS" 193 3.2953 24.2
"JAS" 193 2.8947 24.2
"JAS" 193 2.4791 24.3
"JAS" 193 3.603 22.3
"JAS" 193 4.8838 21.7
"JAS" 193 4.1158 22.1
"JAS" 193 6.1313 21.6
"JAS" 193 2.7764 21.6
"JAS" 193 4.4571 21.7
"JAS" 193 4.1975 21.6
"JAS" 193 3.6189 21.7
"JAS" 193 5.7793 22.2
"JAS" 193 5.5353 22.3
"JAS" 193 5.3217 21.8
"JAS" 193 4.5649 21.4
"JAS" 193 6.3713 21.6
"JAS" 193 4.862 21.7
"JAS" 193 4.5675 22.8
"JAS" 193 6.328 22.5
"JAS" 193 3.1634 22.1
"JAS" 193 4.7911 22.9
"JAS" 193 7.0785 20.8
"JAS" 193 6.4092 21.8
"JAS" 193 3.4302 22.3
"JAS" 193 6.0166 23.3
"JAS" 193 2.5559 19.8
"JAS" 193 3.4972 19.8
"JAS" 193 4.2656 21.8
"JAS" 193 5.4305 22
"JAS" 193 7.7358 20.8
"JAS" 193 5.2251 20.6
"JAS" 193 4.6941 22.2
"JAS" 193 4.4843 21.6
"JAS" 193 6.8343 22.1
"JAS" 193 6.5629 20
"JAS" 193 6.2257 22.8
"JAS" 193 6.5733 23.1
"JAS" 193 4.4457 21
"JAS" 193 6.2705 21
"JAS" 208 4.3842 25.1
"JAS" 208 3.3938 25.7
"JAS" 208 4.1359 25.4
"JAS" 208 2.4299 24.9
"JAS" 208 4.6324 23.1
"JAS" 208 4.741 23
"JAS" 208 5.5616 24.3
"JAS" 208 6.5477 23.2
"JAS" 208 2.3397 24.1
"JAS" 208 5.1653 23.7
"JAS" 208 4.3177 23.6
"JAS" 208 4.0853 23.8
"JAS" 208 9.7031 23.4
"JAS" 208 6.9759 23.5
"JAS" 208 6.0607 23.2
"JAS" 208 4.7047 22.7
"JAS" 208 7.3272 22.8
"JAS" 208 4.8791 23
"JAS" 208 5.1378 23.1
"JAS" 208 6.188 23.7
"JAS" 208 5.0318 23.4
"JAS" 208 5.3233 24.1
"JAS" 208 9.1833 22.5
"JAS" 208 5.0869 22.8
"JAS" 208 3.4226 23.5
"JAS" 208 5.6828 24.6
"JAS" 208 3.9761 21.6
"JAS" 208 3.4169 21.3
"JAS" 208 4.633 23.6
"JAS" 208 5.8011 24.1
"JAS" 208 4.549 22.8
"JAS" 208 4.8218 22.8
"JAS" 208 5.9244 23
"JAS" 208 4.8529 23.3
"JAS" 208 4.1823 23.6
"JAS" 208 5.3314 21.8
"JAS" 208 6.2296 23
"JAS" 208 4.9331 24.2
"JAS" 208 5.8716 21.7
"JAS" 208 5.3591 22
"JAS" 215 3.9515 28.9
"JAS" 215 3.5197 29.6
"JAS" 215 3.0861 28.6
"JAS" 215 3.9093 25.8
"JAS" 215 4.8384 25.2
"JAS" 215 5.3429 25.7
"JAS" 215 4.6295 23
"JAS" 215 5.6246 22.7
"JAS" 215 3.4981 23.1
"JAS" 215 5.1766 22.8
"JAS" 215 5.5027 22.7
"JAS" 215 5.0112 23.1
"JAS" 215 5.687 24.3
"JAS" 215 4.9134 24.3
"JAS" 215 5.022 23.5
"JAS" 215 5.6322 23.5
"JAS" 215 8.4521 23.3
"JAS" 215 5.8567 23.3
"JAS" 215 4.7598 24.7
"JAS" 215 3.7502 23.9
"JAS" 215 4.0629 25
"JAS" 215 4.8786 25.9
"JAS" 215 6.7289 24.6
"JAS" 215 5.4839 24.1
"JAS" 215 3.6002 26.7
"JAS" 215 3.9129 25.7
"JAS" 215 3.5234 22.1
"JAS" 215 4.0038 23.1
"JAS" 215 6.3673 24
"JAS" 215 6.36 22.4
"JAS" 215 5.7707 22.3
"JAS" 215 5.9621 23.3
"JAS" 215 6.8435 23.4
"JAS" 215 7.7959 22.1
"JAS" 215 4.5603 25.2
"JAS" 215 4.4659 25.5
"JAS" 215 5.0126 22.7
"JAS" 215 6.056 23
"JAS" 228 3.4922 22.1
"JAS" 228 3.8412 22.5
"JAS" 228 3.1542 21.3
"JAS" 228 2.7256 20.9
"JAS" 228 5.1615 20
"JAS" 228 4.5073 20.4
"JAS" 228 5.24 24.6
"JAS" 228 7.4198 21.9
"JAS" 228 3.438 24.3
"JAS" 228 3.6825 22.6
"JAS" 228 4.1985 24.1
"JAS" 228 4.8042 23.8
"JAS" 228 4.5864 23
"JAS" 228 5.1819 22.4
"JAS" 228 4.7095 21.1
"JAS" 228 3.4928 21.6
"JAS" 228 6.0404 21.6
"JAS" 228 4.4427 21.9
"JAS" 228 3.8354 21.2
"JAS" 228 4.9702 22
"JAS" 228 3.6757 21.5
"JAS" 228 4.8059 22.5
"JAS" 228 5.3605 22.1
"JAS" 228 4.5727 21.6
"JAS" 228 3.7519 21.1
"JAS" 228 4.6754 21
"JAS" 228 2.8225 22
"JAS" 228 5.5622 24.5
"JAS" 228 5.1592 20.8
"JAS" 228 3.2836 20.7
"JAS" 228 4.2363 21.8
"JAS" 228 5.1791 22.1
"JAS" 228 3.6974 23.1
"JAS" 228 4.501 20.7
"JAS" 228 4.0826 22.1
"JAS" 228 3.8702 22
"JAS" 228 3.2517 21
"JAS" 228 3.4928 20.9
"JAS" 243 5.0662 21.5
"JAS" 243 5.6004 19.1
"JAS" 243 3.73 20.8
"JAS" 243 3.1686 19.5
"JAS" 243 4.4547 21.5
"JAS" 243 5.1646 21.3
"JAS" 243 2.904 19.3
"JAS" 243 4.2128 18.6
"JAS" 243 5.2611 19.1
"JAS" 243 3.0077 19.3
"JAS" 243 4.9846 18.6
"JAS" 243 3.7789 18.9
"JAS" 243 3.4419 20.2
"JAS" 243 4.9045 21.2
"JAS" 243 3.2719 19.4
"JAS" 243 4.1405 19.8
"JAS" 243 4.8093 19.6
"JAS" 243 5.6253 19
"JAS" 243 5.9076 21.5
"JAS" 243 4.171 21.3
"JAS" 243 4.1508 18.6
"JAS" 243 3.4418 18.8
"JAS" 243 5.3476 19
"JAS" 243 2.888 18.3
"JAS" 243 0.7671 18
"JAS" 243 4.0201 19.5
"JAS" 243 3.8089 18.3
"JAS" 243 2.9126 18.3
"JAS" 243 3.1504 18.7
